11
21
24
27
32
44
56
59
108
110
131
140
245
258
269
277
347
349
397
406
418
425
442
471
487
501
517
557
567
602
610
629
644
687
689
704
731
776
787
809
830
847
849
973
982
999
1006
1032
1048
1121
1128
1160
1167
1196
1226
1234
1237
1270
1281
1288
1341
1378
1410
1431
1468
1492
1519
1523
1529
1533
1562
1567
1571
1602
1616
1620
1628
1654
1665
1668
1670
1683
1701
1703
1726
1737
1739
1750
1765
1783
1786
1807
1822
1823
1844
1848
1862
1864
1901
1918
1927
1939
1949
1966
1980
2000
2001
2042
2056
2057
2090
2108
2118
2145
2196
2255
2278
2285
2290
2308
2327
2344
2359
2392
2400
2402
2452
2470
2482
2530
2543
2545
2552
2624
2638
2667
2677
2686
2688
2700
2719
2762
2764
2800
2831
2834
2836
2843
2853
2909
2917
2918
2951
2960
2970
2978
2987
3044
3048
3113
3156
3163
3165
3189
3196
3204
3281
3282
3316
3327
3408
3426
3453
3488
3497
3500
3575
3590
3659
3681
3711
3740
3770
3797
3820
3848
3856
3881
3909
3952
3995
4010
4012
4018
4022
4077
4088
4092
4103
4113
4140
4177
4195
4215
4240
4290
4295
4314
4319
4332
4387
4395
4421
4422
4430
4458
4493
4497
4523
4529
4552
4554
4560
4580
4632
4645
4649
4656
4657
4661
4700
4708
4723
4742
4756
4787
4788
4796
4845
4857
4868
4870
4927
4936
4971
4980
5020
5030
5097
5134
5190
5210
5233
5269
5276
5277
5283
5316
5345
5351
5358
5361
5363
5369
5427
5429
5433
5439
5504
5568
5598
5634
5637
5639
5672
5704
5774
5848
5854
5860
5871
5901
5911
5929
5954
5963
6033
6045
6065
6073
6100
6122
6143
6163
6165
6169
6170
6183
6243
6257
6283
6290
6301
6310
6317
6318
6346
6412
6421
6429
6460
6472
6486
6509
6515
6522
6571
6595
6608
6647
6659
6678
6681
6704
6746
6748
6766
6773
6790
6829
6838
6839
6852
6858
6883
6889
6916
6926
6939
6943
6973
7037
7059
7061
7065
7084
7093
7118
7121
7125
7147
7156
7166
7172
7231
7289
7301
7303
7320
7321
7333
7361
7390
7492
7507
7519
7527
7536
7598
7603
7607
7619
7640
7664
7736
7748
7751
7757
7765
7803
7829
7830
7831
7842
7845
7874
7876
7900
7905
7964
7980
8014
8018
8037
8047
8063
8081
8102
8113
8151
8171
8183
8185
8190
8193
8230
8241
8259
8266
8271
8274
8302
8324
8329
8332
8378
8383
8578
8624
8628
8653
8663
8676
8759
8769
8843
8844
8862
8878
8896
8914
8918
8927
8931
8973
8993
9026
9050
9061
9088
9102
9145
9151
9176
9227
9244
9259
9286
9291
9333
9343
9344
9349
9384
9402
9425
9449
9452
9491
9503
9511
9529
9542
9555
9560
9611
9632
9644
9647
9677
9679
9704
9727
9769
9811
9817
9876
9892
9907
9970
9971
9973
9981
10004
10020
10025
10026
10033
10052
10056
10063
10064
10070
10073
10079
10087
10092
10103
10111
10124
10152
10166
10167
10186
10197
10239
10245
10256
10274
10290
10323
10348
10352
10357
10390
10394
10406
10428
10450
10454
10469
10474
10489
10543
10561
10568
10612
10613
10628
10654
10664
10669
10677
10773
10796
10799
10831
10841
10856
10859
10861
10889
10894
10898
10905
10919
10920
10927
10975
10982
11004
11014
11016
11020
11023
11075
11095
11116
11141
11144
11187
11254
11260
11263
11295
11305
11306
11313
11376
11392
11413
11466
11485
11503
11555
11560
11587
11611
11615
11624
11633
11637
11674
11710
11727
11753
11756
11760
11823
11827
11843
11853
11857
11866
11880
11922
11960
11963
12006
12013
12016
12054
12082
12092
12113
12159
12243
12244
12254
12269
12273
12292
12318
12441
12499
12501
12535
12564
12571
12603
12604
12665
12677
12711
12721
12729
12733
12758
12771
12789
12805
12819
12824
12832
12907
12913
12921
12971
12972
13004
13005
13025
13045
13057
13093
13105
13129
13141
13178
13180
13186
13189
13249
13268
13291
13301
13320
13328
13338
13384
13406
13420
13431
13450
13451
13465
13475
13491
13523
13540
13541
13600
13611
13647
13656
13662
13699
13708
13711
13739
13749
13764
13830
13848
13857
13873
13907
13908
13972
14004
14011
14022
14026
14030
14038
14039
14043
14052
14073
14091
14103
14110
14119
14145
14166
14167
14191
14192
14215
14293
14295
14296
14332
14334
14347
14358
14376
14389
14392
14413
14423
14478
14505
14535
14570
14629
14666
14671
14696
14705
14709
14720
14722
14724
14752
14753
14758
14787
14806
14825
14835
14841
14885
14906
14915
14925
14956
14960
14964
14972
15000
15009
15023
15034
15074
15079
15114
15123
15135
15138
15140
15150
15172
15326
15350
15369
15381
15418
15432
15445
15456
15475
15498
15511
15520
15523
15530
15536
15540
15588
15599
15612
15634
15636
15649
15698
15719
15731
15762
15774
15798
15810
15845
15849
15872
15875
15910
15931
15945
15950
15989
15996
15998
16001
16027
16045
16066
16068
16073
16080
16086
16095
16165
16167
16174
16184
16189
16217
16233
16238
16244
16250
16253
16266
16286
16288
16295
16329
16390
16409
16420
16426
16441
16446
16466
16471
16530
16548
16570
16605
16608
16628
16639
16650
16654
16658
16698
16709
16738
16777
16787
16789
16799
16830
16867
16873
16915
16924
16937
16963
16983
16991
17000
17012
17027
17043
17064
17078
17087
17090
17119
17131
17264
17282
17290
17291
17330
17398
17404
17416
17427
17507
17510
17534
17552
17567
17587
17591
17620
17640
17645
17692
17725
17751
17754
17781
17788
17799
17822
17831
17842
17853
17855
17880
17883
17894
17919
17926
17943
17948
17953
17966
17976
18061
18062
18065
18068
18099
18132
18141
18165
18179
18183
18192
18193
18212
18213
18231
18250
18287
18313
18335
18356
18368
18407
18454
18467
18480
18512
18529
18578
18606
18635
18652
18674
18680
18703
18729
18757
18801
18803
18828
18865
18867
18909
18938
18966
18967
18984
18985
19030
19067
19084
19090
19092
19100
19129
19136
19144
19157
19183
19190
19202
19208
19209
19240
19246
19251
19261
19298
19332
19335
19373
19384
19398
19415
19431
19457
19460
19474
19483
19613
19646
19661
19664
19677
19681
19687
19709
19718
19737
19793
19821
19824
19828
19882
19886
19906
19927
19937
19946
19949
19986
20011
20038
20042
20076
20152
20207
20216
20234
20277
20287
20305
20312
20324
20393
20426
20481
20482
20491
20531
20670
20675
20678
20697
20700
20713
20758
20812
20845
20862
20864
20869
20873
20906
20914
21012
21020
21027
21084
21096
21098
21108
21127
21131
21144
21152
21240
21269
21281
21317
21327
21346
21379
21382
21421
21522
21537
21570
21594
21601
21613
21624
21642
21649
21651
21654
21671
21700
21735
21750
21799
21846
21865
21871
21872
21935
21968
21998
22022
22067
22099
22109
22130
22180
22207
22234
22236
22253
22286
22289
22312
22361
22401
22436
22460
22470
22495
22500
22528
22530
22571
22623
22627
22642
22704
22710
22728
22751
22752
22758
22788
22797
22829
22837
22839
22866
22894
22915
22954
22971
22988
22997
23044
23074
23080
23106
23118
23180
23210
23229
23231
23245
23247
23257
23261
23283
23289
23309
23326
23382
23407
23447
23461
23463
23486
23502
23542
23545
23566
23577
23589
23629
23665
23671
23679
23695
23810
23822
23839
23863
23889
23896
23919
23930
23932
23949
23954
24021
24037
24075
24080
24108
24138
24179
24183
24190
24236
24238
24249
24255
24261
24280
24308
24315
24354
24368
24413
24422
24424
24462
24473
24503
24535
24562
24591
24593
24599
24627
24629
24646
24658
24663
24681
24771
24797
24890
24912
24953
24973
24987
24990
24993
25012
25024
25038
25058
25059
25104
25112
25113
25142
25183
25240
25262
25264
25275
25297
25313
25330
25337
25361
25380
25381
25421
25439
25483
25519
25536
25551
25553
25566
25576
25578
25597
25598
25611
25629
25654
25669
25675
25762
25774
25780
25786
25808
25826
25873
25886
25891
25897
25907
25919
25923
25926
25930
25955
25972
25978
26001
26016
26067
26096
26113
26150
26153
26194
26200
26203
26208
26213
26289
26301
26303
26305
26312
26342
26349
26359
26379
26393
26410
26430
26437
26469
26492
26494
26500
26517
26528
26541
26544
26560
26618
26632
26636
26642
26687
26688
26699
26727
26739
26762
26765
26825
26849
26884
26892
26929
26956
26977
26984
26991
27001
27038
27069
27073
27075
27077
27083
27133
27135
27163
27167
27174
27191
27200
27217
27244
27259
27295
27341
27370
27457
27489
27509
27515
27536
27541
27543
27587
27588
27598
27601
27674
27676
27718
27729
27741
27768
27802
27809
27814
27821
27824
27858
27876
27904
27922
27950
27953
27956
27962
27964
27974
27979
27987
27997
28005
28027
28045
28046
28065
28108
28131
28181
28195
28206
28208
28212
28218
28258
28266
28279
28325
28342
28346
28400
28402
28481
28516
28520
28526
28535
28586
28590
28599
28601
28609
28633
28634
28660
28684
28714
28717
28724
28773
28791
28802
28806
28807
28811
28823
28828
28836
28845
28854
28860
28878
28902
28904
28943
28964
28975
29023
29029
29035
29046
29086
29106
29108
29110
29164
29201
29207
29286
29297
29305
29308
29320
29327
29331
29352
29367
29375
29376
29435
29454
29456
29464
29465
29524
29535
29554
29628
29639
29657
29713
29729
29757
29785
29804
29855
29870
29872
29873
29878
29888
29891
29963
29968
29970
29975
29978
30012
30055
30076
30079
30109
30145
30146
30204
30226
30233
30255
30262
30270
30302
30328
30422
30453
30470
30471
30474
30493
30553
30574
30612
30615
30635
30678
30680
30691
30700
30715
30758
30787
30802
30817
30828
30847
30852
30883
30898
30915
30916
30955
30966
30988
31025
31046
31051
31097
31133
31137
31150
31185
31207
31232
31237
31315
31373
31388
31394
31425
31427
31464
31465
31469
31482
31501
31509
31516
31553
31559
31574
31586
31589
31607
31609
31613
31615
31644
31671
31674
31678
31685
31698
31702
31738
31772
31796
31844
31868
31871
31891
31892
31957
31974
31995
32009
32022
32077
32111
32112
32120
32125
32136
32142
32147
32187
32192
32205
32213
32264
32266
32268
32293
32294
32362
32372
32420
32426
32484
32494
32509
32577
32580
32591
32609
32614
32645
32648
32657
32778
32807
32815
32828
32853
32873
32933
32989
33001
33014
33020
33062
33085
33150
33168
33173
33200
33273
33277
33359
33395
33418
33423
33474
33491
33495
33536
33558
33586
33656
33660
33685
33733
33738
33760
33768
33799
33902
33921
33924
33926
33936
33974
34015
34018
34022
34044
34063
34090
34108
34126
34129
34146
34163
34170
34183
34198
34210
34212
34242
34253
34299
34304
34327
34338
34366
34378
34392
34422
34438
34455
34456
34461
34503
34504
34532
34536
34548
34560
34562
34574
34621
34709
34716
34754
34765
34772
34776
34779
34799
34805
34809
34810
34844
34848
34852
34862
34892
34897
34932
34935
34941
34949
34955
35106
35136
35151
35172
35186
35190
35232
35249
35263
35279
35305
35316
35439
35454
35483
35501
35522
35554
35565
35579
35585
35676
35712
35744
35746
35751
35790
35792
35811
35815
35823
35825
35834
35848
35853
35870
35901
35907
35920
35930
35974
35999
36013
36111
36131
36137
36165
36178
36181
36223
36229
36230
36244
36260
36292
36312
36334
36374
36387
36423
36442
36466
36475
36491
36500
36526
36541
36578
36584
36599
36619
36623
36637
36653
36657
36668
36669
36701
36704
36730
36731
36759
36814
36835
36842
36843
36868
36872
36898
36908
36917
36927
36945
36974
36991
36999
37013
37023
37045
37074
37082
37089
37090
37091
37104
37172
37179
37200
37228
37259
37281
37284
37299
37342
37352
37354
37426
37440
37453
37490
37533
37535
37544
37615
37622
37676
37719
37730
37745
37784
37804
37809
37848
37863
37871
37910
37911
37928
37972
37976
37987
38061
38064
38086
38091
38137
38152
38153
38158
38176
38194
38195
38216
38231
38242
38279
38291
38323
38346
38370
38415
38459
38464
38465
38488
38500
38501
38504
38536
38624
38701
38757
38773
38779
38783
38803
38865
38867
38872
38883
38889
38946
38957
38960
38962
38988
38991
38999
39017
39034
39054
39056
39071
39082
39112
39113
39179
39187
39218
39221
39235
39314
39335
39350
39354
39361
39369
39436
39443
39457
39481
39488
39500
39531
39536
39543
39547
39591
39599
39600
39618
39629
39641
39661
39675
39677
39721
39740
39762
39766
39797
39864
39867
39892
39940
39945
39951
39973
39993
39994
40003
40007
40012
40056
40094
40127
40178
40197
40199
40205
40222
40246
40271
40287
40320
40326
40342
40364
40383
40396
40439
40468
40509
40534
40579
40637
40646
40647
40648
40689
40690
40701
40705
40710
40723
40733
40744
40763
40765
40769
40795
40813
40832
40872
40884
40888
40922
40941
40985
40994
41003
41011
41035
41055
41063
41066
41073
41089
41102
41109
41117
41159
41163
41171
41191
41204
41214
41218
41264
41268
41293
41300
41307
41316
41323
41345
41346
41425
41434
41436
41456
41513
41521
41541
41553
41602
41642
41657
41662
41663
41678
41757
41763
41820
41843
41857
41861
41879
41899
41908
41914
41926
41931
41946
41971
42002
42019
42060
42063
42069
42078
42114
42146
42170
42192
42276
42287
42314
42323
42330
42336
42345
42366
42408
42412
42473
42482
42513
42521
42522
42525
42526
42545
42547
42557
42571
42584
42586
42591
42606
42670
42697
42713
42758
42765
42786
42825
42848
42862
42902
42907
42912
42917
42984
42985
43001
43008
43011
43027
43044
43047
43061
43076
43090
43123
43144
43148
43173
43182
43207
43212
43224
43237
43269
43289
43308
43311
43331
43374
43381
43446
43463
43485
43489
43502
43511
43514
43528
43534
43570
43633
43648
43650
43671
43677
43682
43705
43722
43730
43756
43758
43807
43813
43815
43851
43868
43869
43872
43881
43884
43979
44001
44062
44068
44092
44095
44141
44147
44164
44170
44173
44192
44214
44228
44240
44244
44246
44251
44256
44279
44335
44341
44367
44416
44424
44442
44444
44579
44581
44614
44617
44637
44643
44648
44674
44732
44750
44759
44779
44808
44829
44843
44864
44865
44879
44895
44917
44950
44977
44993
45012
45028
45033
45091
45106
45117
45130
45142
45152
45185
45190
45217
45218
45224
45267
45308
45311
45339
45364
45365
45386
45403
45409
45424
45448
45468
45470
45488
45501
45566
45594
45607
45621
45623
45627
45647
45659
45703
45705
45723
45733
45747
45759
45765
45779
45783
45789
45800
45836
45838
45845
45911
45924
45938
45953
45966
45979
46010
46017
46059
46060
46063
46076
46093
46102
46179
46217
46222
46257
46309
46325
46336
46346
46347
46418
46425
46435
46451
46498
46506
46536
46546
46599
46633
46665
46688
46711
46755
46882
46888
46938
46942
46984
46999
47023
47032
47087
47106
47112
47142
47151
47156
47179
47188
47204
47211
47226
47231
47236
47254
47257
47268
47283
47297
47305
47334
47336
47338
47345
47349
47354
47360
47372
47423
47438
47449
47455
47457
47460
47467
47479
47491
47598
47614
47618
47624
47642
47647
47652
47662
47667
47672
47683
47690
47707
47761
47766
47781
47786
47790
47793
47802
47805
47809
47824
47831
47870
47877
47881
47931
47956
47965
47967
47980
47992
48019
48022
48035
48040
48062
48080
48084
48088
48131
48147
48148
48166
48169
48219
48235
48254
48269
48284
48285
48326
48344
48359
48428
48429
48440
48441
48444
48466
48478
48484
48487
48495
48522
48604
48623
48655
48716
48718
48739
48788
48800
48820
48833
48858
48871
48881
48936
48943
48953
48976
48988
49001
49026
49031
49038
49093
49096
49141
49150
49156
49165
49190
49212
49228
49283
49288
49299
49344
49383
49392
49401
49475
49476
49507
49524
49526
49531
49549
49557
49569
49620
49626
49633
49638
49650
49661
49663
49671
49737
49764
49789
49800
49827
49837
49841
49852
49874
49875
49878
49886
49895
49931
49936
49964
49979
49980
