6
13
18
24
41
42
47
48
54
55
57
63
90
108
120
121
123
138
144
171
194
196
218
271
281
283
288
300
303
335
356
358
383
400
402
403
411
421
423
425
463
474
483
502
510
513
522
533
538
539
540
544
558
559
560
586
630
646
648
649
673
689
696
701
709
724
737
742
775
778
779
787
790
796
800
802
803
804
808
810
820
827
829
830
832
849
864
885
889
907
910
912
924
933
957
963
975
986
990
1003
1008
1009
1024
1040
1050
1065
1067
1077
1084
1107
1108
1110
1122
1129
1139
1146
1163
1180
1184
1189
1207
1209
1219
1258
1267
1283
1285
1288
1291
1295
1307
1328
1334
1354
1359
1372
1409
1415
1430
1438
1440
1443
1444
1458
1475
1478
1492
1497
1500
1501
1523
1527
1530
1532
1533
1542
1566
1576
1606
1609
1614
1620
1641
1670
1675
1676
1677
1693
1705
1727
1745
1752
1753
1756
1768
1777
1787
1788
1789
1792
1793
1798
1800
1812
1818
1830
1838
1844
1850
1852
1861
1867
1883
1884
1918
1921
1929
1932
1936
1971
1981
1990
1995
2004
2007
2033
2041
2044
2062
2076
2079
2080
2087
2090
2091
2093
2098
2114
2121
2126
2133
2136
2138
2163
2177
2191
2193
2202
2205
2217
2224
2230
2237
2247
2269
2291
2315
2317
2340
2343
2346
2349
2354
2372
2377
2378
2387
2393
2408
2436
2467
2470
2476
2484
2491
2507
2514
2533
2535
2537
2538
2540
2543
2546
2550
2557
2561
2567
2575
2589
2595
2610
2619
2626
2641
2678
2682
2693
2698
2702
2704
2708
2719
2737
2741
2742
2744
2759
2760
2764
2772
2784
2789
2791
2799
2812
2816
2826
2833
2846
2854
2860
2867
2868
2869
2870
2875
2878
2894
2902
2907
2927
2936
2938
2948
2957
2966
2971
2975
2983
2988
2993
3012
3019
3037
3068
3074
3101
3117
3118
3119
3161
3164
3181
3185
3193
3196
3205
3210
3226
3235
3245
3253
3254
3259
3274
3281
3291
3297
3299
3301
3309
3321
3325
3331
3338
3339
3349
3368
3372
3390
3395
3402
3416
3417
3423
3428
3436
3440
3446
3454
3455
3462
3474
3476
3480
3484
3488
3506
3508
3511
3517
3520
3535
3558
3569
3583
3586
3608
3610
3626
3629
3639
3645
3662
3663
3669
3673
3675
3692
3693
3708
3760
3769
3771
3786
3791
3796
3814
3845
3847
3848
3856
3869
3889
3901
3944
3961
3963
3982
4008
4012
4014
4017
4023
4034
4038
4052
4056
4070
4085
4090
4091
4109
4113
4116
4122
4138
4154
4168
4183
4186
4189
4196
4198
4209
4211
4220
4228
4237
4242
4257
4293
4306
4342
4351
4356
4367
4370
4372
4375
4376
4378
4398
4418
4425
4426
4431
4453
4455
4471
4482
4491
4493
4511
4518
4521
4525
4526
4549
4583
4588
4598
4604
4608
4616
4620
4633
4634
4647
4656
4677
4679
4700
4703
4719
4727
4730
4732
4748
4755
4771
4776
4777
4806
4811
4819
4830
4841
4853
4880
4888
4895
4896
4902
4930
4931
4971
4976
5005
5012
5016
5026
5064
5087
5096
5111
5118
5123
5127
5131
5132
5150
5151
5165
5166
5184
5189
5204
5215
5219
5226
5238
5240
5248
5252
5281
5290
5294
5296
5299
5309
5333
5340
5343
5370
5384
5386
5406
5410
5415
5417
5444
5471
5506
5527
5531
5535
5537
5540
5550
5554
5571
5574
5575
5576
5584
5603
5609
5618
5634
5638
5639
5647
5656
5660
5686
5707
5712
5715
5717
5724
5727
5746
5758
5762
5773
5781
5817
5818
5824
5825
5836
5847
5862
5867
5871
5889
5892
5901
5903
5913
5922
5926
5933
5967
5979
5990
5992
6011
6018
6019
6023
6026
6028
6041
6063
6069
6073
6081
6097
6106
6126
6133
6146
6156
6177
6209
6210
6227
6228
6230
6236
6265
6296
6305
6315
6317
6323
6327
6334
6341
6359
6362
6369
6388
6390
6392
6408
6412
6414
6427
6445
6448
6461
6467
6469
6477
6484
6488
6499
6502
6520
6542
6547
6549
6558
6583
6593
6606
6614
6616
6621
6626
6628
6634
6638
6648
6660
6685
6691
6704
6738
6744
6757
6772
6774
6799
6801
6802
6805
6816
6836
6843
6856
6857
6884
6886
6901
6917
6921
6927
6944
6946
6956
6963
6970
6976
6996
7008
7009
7026
7037
7038
7047
7056
7068
7074
7089
7098
7106
7116
7135
7136
7146
7151
7165
7166
7178
7184
7194
7209
7211
7216
7217
7258
7275
7279
7298
7303
7308
7330
7332
7336
7340
7363
7380
7397
7410
7449
7452
7465
7466
7477
7480
7521
7522
7525
7542
7552
7555
7576
7586
7589
7596
7616
7633
7635
7644
7653
7658
7661
7662
7664
7688
7696
7713
7714
7739
7741
7745
7761
7766
7783
7797
7807
7840
7844
7850
7853
7858
7868
7877
7878
7882
7888
7890
7897
7905
7919
7929
7942
7948
7951
7952
7962
7974
8010
8016
8017
8019
8024
8025
8032
8037
8043
8055
8065
8077
8081
8092
8100
8112
8121
8144
8148
8157
8165
8166
8169
8172
8173
8178
8182
8186
8192
8195
8218
8219
8234
8237
8264
8275
8280
8304
8314
8321
8322
8324
8333
8340
8341
8347
8362
8366
8377
8395
8411
8418
8438
8440
8454
8459
8477
8482
8485
8518
8528
8530
8534
8536
8543
8585
8610
8616
8627
8634
8641
8669
8676
8682
8706
8713
8726
8736
8740
8750
8767
8770
8776
8780
8789
8798
8800
8819
8843
8844
8862
8865
8871
8874
8881
8888
8936
8957
8967
8990
9001
9002
9011
9016
9033
9038
9047
9053
9067
9078
9089
9093
9101
9114
9137
9144
9150
9151
9162
9168
9172
9175
9191
9194
9199
9203
9215
9217
9227
9240
9249
9255
9272
9290
9297
9299
9313
9319
9330
9333
9341
9348
9350
9354
9368
9386
9403
9404
9408
9420
9424
9437
9440
9446
9448
9455
9463
9475
9484
9498
9503
9518
9519
9520
9523
9526
9552
9553
9556
9558
9559
9577
9579
9580
9585
9588
9589
9597
9603
9629
9631
9635
9639
9659
9660
9678
9712
9716
9733
9734
9740
9757
9763
9790
9798
9802
9803
9827
9858
9876
9896
9900
9903
9916
9917
9921
9933
9940
9952
9954
9979
9986
9989
9991
9992
18
27
57
83
89
93
152
155
160
180
204
217
240
241
263
280
289
360
378
389
391
396
398
406
409
412
417
428
433
436
438
440
457
461
469
474
480
498
505
512
567
582
588
591
594
608
612
616
624
628
651
660
671
683
700
725
742
750
756
767
801
802
807
833
842
860
866
885
898
901
926
933
935
940
944
959
968
976
991
1003
1006
1012
1015
1017
1030
1035
1050
1084
1087
1089
1099
1106
1115
1123
1137
1156
1168
1171
1175
1187
1193
1194
1197
1198
1202
1220
1221
1241
1252
1256
1270
1286
1288
1295
1313
1326
1335
1340
1342
1348
1349
1354
1362
1380
1382
1385
1415
1420
1433
1436
1443
1452
1454
1455
1456
1467
1471
1478
1486
1500
1511
1518
1528
1538
1545
1548
1587
1606
1629
1630
1641
1650
1666
1684
1705
1710
1713
1730
1731
1745
1746
1766
1779
1789
1811
1813
1815
1816
1825
1843
1873
1882
1884
1885
1891
1915
1921
1923
1934
1936
1943
1959
1961
1962
1973
1985
1991
1992
2021
2043
2044
2046
2058
2060
2067
2070
2074
2107
2109
2137
2140
2141
2148
2156
2161
2166
2173
2180
2188
2191
2200
2212
2219
2250
2267
2287
2317
2323
2338
2346
2361
2362
2376
2380
2387
2398
2399
2421
2423
2448
2455
2462
2465
2471
2472
2473
2501
2504
2506
2519
2533
2536
2549
2574
2582
2583
2584
2589
2602
2607
2616
2623
2638
2651
2656
2667
2669
2675
2678
2693
2694
2697
2703
2710
2711
2720
2721
2724
2742
2748
2752
2753
2782
2784
2790
2819
2847
2860
2871
2877
2892
2924
2940
2945
2958
2978
2990
2992
3007
3033
3035
3036
3042
3047
3059
3071
3075
3081
3107
3114
3130
3141
3154
3163
3177
3179
3195
3226
3228
3232
3243
3250
3270
3273
3275
3278
3286
3290
3300
3314
3318
3321
3340
3341
3362
3397
3398
3408
3413
3415
3418
3424
3431
3433
3435
3437
3438
3447
3448
3465
3477
3478
3485
3486
3487
3492
3506
3524
3542
3556
3557
3559
3564
3567
3585
3621
3626
3637
3639
3640
3643
3648
3655
3659
3671
3675
3677
3682
3698
3727
3735
3752
3757
3759
3761
3770
3777
3786
3794
3812
3814
3819
3820
3831
3837
3848
3853
3856
3879
3891
3898
3901
3934
3936
3955
3970
3985
3989
4012
4013
4017
4021
4029
4062
4063
4078
4085
4088
4094
4106
4114
4120
4127
4135
4146
4154
4156
4157
4172
4174
4175
4180
4192
4195
4199
4206
4228
4229
4248
4252
4266
4270
4280
4285
4294
4296
4299
4304
4308
4314
4317
4327
4353
4360
4364
4371
4383
4399
4404
4421
4423
4426
4435
4439
4459
4463
4472
4473
4478
4496
4500
4559
4569
4583
4588
4595
4601
4602
4619
4620
4640
4646
4655
4658
4672
4675
4688
4697
4715
4720
4739
4752
4756
4761
4768
4769
4770
4774
4785
4793
4811
4812
4814
4819
4829
4834
4835
4839
4840
4842
4843
4860
4887
4899
4903
4915
4918
4926
4930
4946
4988
5034
5054
5065
5068
5088
5091
5094
5109
5118
5121
5124
5125
5134
5139
5144
5146
5160
5173
5176
5182
5184
5189
5200
5212
5214
5230
5262
5277
5285
5289
5297
5303
5310
5314
5326
5356
5369
5376
5380
5398
5404
5419
5430
5443
5464
5468
5477
5505
5522
5529
5560
5563
5565
5568
5576
5584
5585
5589
5593
5598
5611
5621
5638
5639
5649
5654
5658
5673
5695
5696
5697
5700
5705
5717
5731
5751
5754
5765
5788
5789
5813
5820
5828
5837
5847
5852
5869
5888
5890
5895
5896
5899
5907
5910
5913
5922
5926
5929
5940
5944
5972
5975
5977
5981
5982
5995
6028
6030
6034
6041
6045
6050
6053
6057
6080
6093
6099
6102
6111
6123
6165
6176
6202
6207
6208
6215
6221
6232
6249
6266
6274
6279
6288
6290
6303
6306
6312
6314
6318
6319
6326
6327
6349
6352
6357
6372
6379
6402
6406
6415
6416
6439
6441
6446
6462
6472
6498
6530
6569
6570
6571
6581
6593
6609
6616
6622
6644
6660
6662
6671
6678
6683
6690
6691
6693
6694
6695
6712
6715
6732
6739
6742
6743
6747
6757
6761
6783
6786
6790
6804
6807
6819
6833
6867
6875
6895
6900
6906
6919
6974
6980
7016
7043
7057
7064
7070
7085
7086
7089
7092
7114
7117
7122
7127
7134
7138
7185
7188
7194
7206
7207
7212
7217
7227
7239
7249
7262
7267
7273
7291
7302
7304
7308
7320
7325
7329
7339
7344
7347
7362
7363
7373
7379
7380
7382
7403
7407
7415
7419
7421
7481
7487
7504
7506
7512
7522
7538
7559
7561
7571
7582
7598
7651
7657
7669
7682
7689
7690
7693
7695
7702
7712
7735
7739
7741
7745
7749
7757
7761
7767
7769
7774
7779
7786
7808
7817
7818
7826
7832
7834
7844
7850
7851
7859
7883
7887
7892
7900
7902
7915
7949
7954
7955
7972
7980
7981
8026
8027
8040
8049
8053
8075
8084
8086
8088
8092
8101
8138
8143
8146
8149
8162
8163
8164
8184
8191
8198
8204
8210
8225
8234
8239
8241
8242
8248
8269
8275
8285
8287
8296
8322
8328
8360
8364
8372
8375
8376
8385
8419
8457
8460
8464
8466
8477
8485
8489
8496
8503
8510
8529
8564
8573
8586
8588
8612
8635
8646
8650
8652
8661
8674
8678
8717
8720
8727
8733
8746
8747
8753
8756
8757
8788
8790
8819
8837
8855
8863
8872
8880
8882
8886
8888
8901
8948
8952
8964
8987
8995
9001
9039
9044
9052
9056
9057
9070
9091
9108
9110
9130
9137
9153
9157
9158
9163
9204
9205
9207
9213
9217
9218
9220
9223
9224
9225
9231
9236
9241
9257
9258
9267
9270
9280
9287
9295
9296
9298
9328
9330
9337
9343
9359
9364
9373
9376
9384
9392
9425
9428
9435
9439
9440
9453
9463
9473
9504
9536
9551
9558
9576
9579
9611
9615
9637
9655
9672
9686
9694
9695
9700
9714
9729
9734
9737
9743
9785
9789
9806
9811
9815
9845
9868
9874
9888
9899
9901
9914
9915
9916
9918
9932
9944
9950
9963
9964
9969
9977
9981
9985
9998
5
9
19
29
38
48
51
55
61
65
73
77
102
112
125
130
138
145
149
183
189
212
216
220
226
260
266
272
283
284
285
286
308
317
318
323
403
426
457
468
490
526
533
538
545
547
551
556
558
560
563
570
572
579
580
589
621
633
645
651
656
660
671
673
695
696
700
703
712
724
737
754
779
793
797
805
818
838
839
842
845
850
859
864
876
880
908
941
957
959
990
996
1018
1031
1034
1039
1040
1057
1063
1076
1090
1099
1102
1115
1131
1135
1139
1145
1162
1163
1167
1168
1189
1205
1208
1210
1223
1224
1240
1247
1262
1284
1285
1316
1321
1332
1348
1363
1365
1392
1399
1403
1412
1426
1433
1442
1446
1452
1476
1486
1487
1490
1491
1500
1504
1513
1521
1526
1532
1550
1577
1587
1590
1591
1623
1630
1637
1643
1650
1654
1656
1663
1668
1701
1711
1725
1746
1748
1750
1765
1778
1805
1819
1824
1836
1841
1849
1859
1860
1867
1885
1886
1897
1900
1906
1922
1925
1940
1942
1973
1981
1987
2006
2012
2014
2020
2032
2035
2045
2074
2104
2107
2114
2122
2155
2168
2170
2211
2215
2228
2248
2250
2275
2279
2280
2281
2287
2297
2307
2310
2313
2322
2331
2373
2375
2376
2397
2432
2441
2446
2448
2459
2486
2495
2508
2510
2511
2515
2535
2539
2561
2563
2570
2571
2587
2591
2594
2602
2603
2618
2639
2667
2672
2676
2691
2702
2708
2726
2728
2729
2732
2733
2734
2738
2755
2770
2780
2781
2797
2803
2808
2810
2831
2835
2841
2843
2845
2864
2869
2874
2877
2897
2903
2931
2953
2960
2966
2974
2977
2987
2988
3003
3014
3038
3041
3062
3064
3069
3070
3074
3095
3102
3118
3123
3128
3138
3147
3158
3159
3165
3181
3188
3209
3217
3222
3237
3241
3264
3283
3288
3289
3293
3315
3340
3343
3346
3347
3388
3395
3414
3416
3441
3442
3450
3452
3453
3492
3493
3495
3496
3508
3519
3530
3537
3552
3558
3559
3586
3588
3597
3632
3636
3642
3650
3653
3656
3670
3673
3677
3692
3696
3705
3716
3719
3742
3775
3788
3843
3905
3911
3918
3919
3930
3944
3950
3951
4002
4007
4016
4019
4030
4033
4061
4064
4069
4074
4097
4115
4134
4136
4165
4166
4168
4170
4195
4199
4201
4210
4218
4223
4254
4264
4272
4313
4322
4334
4366
4373
4379
4392
4399
4403
4409
4413
4429
4432
4437
4457
4461
4465
4467
4496
4500
4533
4535
4555
4569
4576
4610
4617
4623
4633
4636
4643
4655
4670
4684
4694
4699
4706
4710
4719
4734
4736
4739
4742
4747
4756
4771
4772
4773
4777
4780
4789
4798
4805
4835
4857
4865
4885
4902
4904
4911
4919
4926
4927
4935
4962
4977
4978
4980
4993
4994
5018
5022
5030
5034
5038
5041
5049
5052
5064
5086
5089
5095
5101
5115
5125
5130
5145
5148
5149
5161
5166
5172
5174
5175
5183
5192
5195
5200
5203
5217
5222
5263
5268
5274
5276
5282
5295
5296
5302
5312
5326
5341
5354
5366
5367
5379
5381
5398
5400
5415
5426
5427
5440
5446
5449
5455
5467
5478
5484
5491
5495
5496
5512
5516
5528
5530
5536
5543
5564
5587
5591
5593
5602
5626
5628
5646
5650
5665
5671
5695
5734
5743
5757
5801
5822
5830
5831
5833
5847
5859
5861
5884
5887
5901
5911
5912
5921
5928
5929
5939
5956
5982
5984
5989
5998
6001
6019
6034
6051
6058
6070
6096
6110
6119
6128
6146
6148
6155
6169
6175
6176
6181
6186
6187
6204
6213
6215
6219
6223
6234
6242
6263
6265
6266
6271
6274
6279
6282
6287
6299
6305
6308
6321
6386
6390
6396
6398
6400
6414
6425
6426
6442
6449
6500
6523
6527
6536
6541
6549
6551
6568
6570
6572
6577
6588
6593
6605
6629
6630
6641
6648
6651
6663
6695
6696
6730
6734
6750
6757
6758
6760
6762
6765
6768
6773
6786
6792
6795
6803
6807
6833
6837
6855
6864
6873
6891
6893
6956
6957
6960
6961
6968
6976
6982
6990
6992
6995
6999
7001
7046
7049
7072
7076
7081
7091
7097
7103
7110
7121
7131
7149
7163
7169
7185
7186
7191
7192
7197
7201
7204
7239
7253
7264
7266
7308
7309
7314
7325
7326
7328
7333
7356
7368
7373
7393
7399
7416
7430
7470
7476
7477
7480
7482
7484
7492
7498
7499
7517
7521
7542
7546
7549
7555
7557
7560
7578
7580
7587
7592
7594
7597
7599
7676
7684
7685
7696
7704
7705
7721
7729
7737
7738
7743
7744
7746
7750
7764
7795
7800
7816
7823
7825
7845
7863
7865
7874
7877
7878
7884
7895
7948
7966
7973
7980
7984
8026
8031
8043
8051
8057
8095
8107
8108
8112
8114
8116
8124
8158
8161
8164
8173
8176
8224
8225
8227
8238
8281
8291
8301
8307
8327
8333
8343
8345
8348
8357
8377
8397
8399
8403
8410
8422
8426
8443
8452
8458
8479
8497
8517
8518
8521
8545
8551
8557
8564
8568
8593
8594
8611
8618
8628
8641
8645
8646
8648
8662
8664
8667
8673
8680
8686
8689
8705
8708
8734
8748
8770
8788
8802
8814
8827
8834
8849
8856
8862
8867
8872
8878
8890
8893
8927
8933
8934
8935
8944
8948
8970
8994
9005
9033
9042
9048
9058
9076
9079
9087
9090
9126
9135
9150
9156
9162
9180
9181
9198
9220
9229
9243
9249
9269
9297
9298
9300
9303
9345
9351
9354
9363
9374
9379
9389
9403
9415
9417
9424
9433
9448
9470
9483
9501
9503
9511
9517
9531
9532
9541
9548
9563
9570
9581
9594
9595
9611
9612
9625
9636
9637
9645
9650
9658
9673
9678
9681
9682
9706
9707
9709
9714
9715
9728
9730
9742
9779
9812
9814
9845
9853
9870
9885
9897
9902
9906
9907
9912
9920
9925
9942
9943
9948
9988
9989
9995
3
5
7
21
23
25
40
45
67
70
81
96
102
108
110
111
117
139
144
145
157
181
214
224
229
232
237
239
241
246
251
254
258
286
287
312
315
317
325
333
352
365
371
377
391
396
402
403
405
437
451
453
454
466
470
475
478
480
493
505
511
513
524
531
532
542
572
584
596
602
612
628
631
632
654
663
665
669
672
680
688
690
694
700
705
726
731
740
746
751
765
767
778
786
787
791
795
818
834
836
849
855
858
874
878
887
893
894
905
940
969
974
980
988
1002
1005
1007
1020
1026
1035
1040
1041
1045
1054
1057
1058
1063
1074
1090
1130
1169
1171
1173
1177
1191
1223
1229
1230
1231
1237
1269
1272
1275
1280
1285
1289
1293
1294
1307
1308
1318
1333
1343
1361
1371
1374
1375
1377
1394
1401
1410
1411
1418
1419
1420
1428
1438
1454
1467
1469
1475
1478
1486
1492
1493
1495
1496
1501
1519
1531
1532
1546
1550
1562
1572
1614
1621
1623
1636
1677
1684
1687
1691
1704
1705
1707
1721
1741
1743
1759
1766
1770
1773
1785
1802
1803
1809
1813
1821
1823
1850
1874
1882
1884
1887
1897
1926
1941
1979
1997
1999
2013
2028
2030
2036
2045
2047
2049
2057
2059
2067
2071
2101
2103
2106
2127
2136
2141
2151
2153
2166
2167
2181
2257
2274
2278
2289
2291
2299
2308
2310
2321
2328
2330
2332
2353
2361
2375
2377
2387
2406
2409
2419
2420
2430
2437
2456
2457
2467
2470
2477
2480
2482
2499
2513
2526
2544
2570
2582
2587
2604
2639
2642
2678
2687
2693
2697
2705
2706
2711
2723
2730
2741
2763
2791
2792
2807
2809
2816
2829
2850
2858
2899
2908
2916
2943
2951
2956
2972
2981
2991
2996
3021
3023
3030
3032
3042
3047
3051
3054
3081
3083
3084
3090
3103
3107
3108
3121
3134
3135
3137
3152
3170
3175
3183
3204
3205
3218
3233
3234
3263
3270
3276
3277
3282
3286
3291
3293
3300
3303
3310
3323
3350
3361
3377
3379
3395
3396
3403
3412
3442
3445
3448
3449
3457
3462
3474
3481
3490
3493
3498
3503
3508
3513
3518
3519
3531
3535
3544
3550
3564
3575
3580
3587
3602
3616
3621
3632
3644
3649
3677
3680
3699
3708
3730
3741
3771
3776
3777
3792
3793
3811
3822
3829
3834
3836
3842
3846
3849
3851
3854
3871
3881
3890
3899
3901
3911
3929
3932
3977
3984
3987
4023
4050
4053
4062
4071
4079
4086
4088
4102
4115
4124
4130
4149
4166
4178
4181
4187
4196
4200
4203
4218
4219
4222
4254
4256
4262
4266
4268
4293
4305
4307
4320
4325
4340
4346
4363
4373
4377
4393
4396
4398
4408
4413
4414
4433
4449
4457
4463
4466
4482
4488
4495
4497
4499
4503
4508
4513
4529
4553
4555
4566
4580
4597
4600
4608
4609
4611
4614
4620
4624
4630
4639
4651
4653
4654
4663
4669
4685
4698
4729
4734
4735
4747
4769
4789
4827
4836
4866
4873
4885
4896
4907
4925
4928
4930
4959
4960
4968
4971
4974
4981
4985
4996
5010
5022
5031
5063
5065
5069
5075
5096
5104
5107
5111
5126
5140
5146
5148
5157
5161
5168
5172
5191
5216
5226
5230
5243
5255
5259
5267
5294
5306
5309
5310
5311
5319
5320
5337
5347
5348
5350
5353
5360
5362
5363
5387
5405
5420
5448
5451
5460
5466
5477
5482
5486
5488
5493
5503
5519
5537
5569
5575
5596
5597
5616
5638
5643
5645
5653
5655
5656
5673
5677
5681
5686
5708
5711
5718
5721
5722
5723
5734
5740
5764
5765
5771
5785
5787
5792
5800
5823
5824
5833
5834
5837
5841
5849
5853
5857
5860
5862
5870
5871
5874
5880
5882
5887
5901
5936
5940
5947
5955
5957
5958
5959
5967
6006
6009
6011
6020
6025
6070
6072
6092
6094
6095
6112
6116
6122
6125
6130
6137
6138
6141
6152
6154
6162
6169
6170
6173
6184
6185
6186
6193
6197
6213
6242
6245
6261
6268
6293
6300
6305
6307
6316
6330
6339
6340
6344
6349
6355
6367
6377
6382
6385
6398
6402
6408
6410
6423
6426
6436
6441
6447
6449
6450
6465
6468
6469
6481
6492
6494
6496
6502
6510
6516
6524
6539
6570
6581
6583
6585
6598
6616
6622
6626
6635
6639
6651
6657
6658
6675
6681
6682
6699
6700
6710
6726
6727
6752
6756
6759
6778
6785
6801
6825
6832
6835
6845
6849
6860
6863
6883
6885
6919
6920
6921
6972
6994
7008
7009
7015
7026
7054
7076
7111
7121
7127
7128
7129
7137
7143
7164
7166
7185
7198
7208
7212
7232
7243
7247
7255
7268
7277
7278
7280
7283
7298
7305
7315
7321
7333
7336
7337
7339
7343
7352
7353
7361
7368
7373
7374
7397
7403
7409
7424
7435
7446
7464
7485
7488
7502
7503
7511
7515
7545
7549
7560
7572
7578
7581
7586
7594
7613
7615
7626
7645
7647
7663
7684
7686
7713
7742
7745
7754
7766
7781
7797
7811
7816
7820
7821
7828
7838
7840
7848
7855
7856
7878
7895
7925
7932
7934
7941
7943
7947
7952
7969
7972
7990
8001
8007
8016
8022
8030
8032
8038
8046
8049
8054
8055
8058
8060
8063
8072
8080
8096
8102
8129
8150
8170
8182
8186
8216
8219
8234
8244
8287
8291
8311
8329
8349
8352
8365
8389
8398
8399
8407
8434
8439
8451
8456
8457
8459
8476
8480
8488
8502
8509
8520
8531
8535
8546
8556
8558
8560
8563
8565
8573
8592
8594
8605
8622
8623
8638
8655
8664
8676
8704
8705
8722
8731
8741
8745
8746
8750
8765
8766
8801
8806
8813
8830
8861
8883
8889
8905
8907
8939
8971
8981
8989
8991
8996
9001
9008
9019
9051
9055
9060
9062
9082
9096
9110
9112
9128
9145
9178
9185
9222
9233
9237
9242
9248
9269
9273
9308
9309
9310
9312
9324
9339
9360
9368
9382
9389
9390
9407
9412
9426
9436
9466
9478
9492
9499
9508
9514
9515
9520
9528
9535
9540
9550
9580
9594
9610
9632
9646
9648
9655
9661
9671
9675
9683
9686
9687
9693
9728
9729
9732
9744
9747
9753
9765
9786
9794
9809
9821
9834
9836
9847
9854
9857
9861
9881
9882
9887
9901
9925
9928
9931
9935
9943
9951
9952
9960
9976
9983
9991
9998
